b<- 2+2

c<- 3+3
